   5.963441344772483E-005   5.415481733944386E-004
   5.415481733944386E-004   1.621527364375046E-003
   1.621527364375046E-003   3.019202177313458E-003
   3.019202177313458E-003   4.152143952132792E-003
   4.152143952132792E-003   4.382704835177487E-003
   4.382704835177487E-003   3.291948042168030E-003
   3.291948042168030E-003   9.006301660766442E-004
   9.006301660766442E-004  -2.252974682608831E-003
  -2.252974682608831E-003  -5.233355714462649E-003
  -5.233355714462649E-003  -7.010986431635034E-003
  -7.010986431635034E-003  -6.857642049322422E-003
  -6.857642049322422E-003  -4.694289543887088E-003
  -4.694289543887088E-003  -1.248928004478717E-003
  -1.248928004478717E-003   2.073449253033909E-003
   2.073449253033909E-003   3.618626559763650E-003
   3.618626559763650E-003   2.102874820051749E-003
   2.102874820051749E-003  -2.790768320832298E-003
  -2.790768320832298E-003  -1.009945374295171E-002
  -1.009945374295171E-002  -1.773929599860433E-002
  -1.773929599860433E-002  -2.314685656128066E-002
  -2.314685656128066E-002  -2.421282158141045E-002
  -2.421282158141045E-002  -2.018941758066639E-002
  -2.018941758066639E-002  -1.223795348539501E-002
  -1.223795348539501E-002  -3.356736881802754E-003
  -3.356736881802754E-003   2.424910847682053E-003
   2.424910847682053E-003   1.463153762100661E-003
   1.463153762100661E-003  -6.539855257425518E-002
  -6.539855257425518E-002  -5.967354195225324E-002
  -5.967354195225324E-002   1.955129801692813E-003
   1.955129801692813E-003  -1.582388496320644E-001
  -1.582388496320644E-001  -3.120302384537916E-003
  -3.120302384537916E-003       -1.384703206644824
       -1.384703206644824       -1.487856362833180
       -1.487856362833180       -1.228018542133638
       -1.228018542133638       -1.178725876115225
       -1.178725876115225       -1.005463536578291
       -1.005463536578291  -5.272973275644182E-001
  -5.272973275644182E-001  -9.294906182534545E-001
  -9.294906182534545E-001  -4.162982838008852E-001
  -4.162982838008852E-001       -1.124401832469517
       -1.124401832469517       -1.133224788100982
       -1.133224788100982       -1.076342637460327
       -1.076342637460327       -1.060734875292614
       -1.060734875292614  -4.531197490775902E-001
  -4.531197490775902E-001       -1.047105768310890
       -1.047105768310890       -1.041844254464563
       -1.041844254464563       -1.045092145631074
       -1.045092145631074       -1.061659715827765
       -1.061659715827765       -1.060220625463144
       -1.060220625463144       -1.059064974038246
       -1.059064974038246       -1.059021164489020
       -1.059021164489020       -1.060481425444558
       -1.060481425444558       -1.063187757388334
       -1.063187757388334       -1.066504320022139
       -1.066504320022139       -1.067571181318449
       -1.067571181318449       -1.068117498852927
       -1.068117498852927       -1.068110583747117
       -1.068110583747117       -1.067786916972297
       -1.067786916972297       -1.067440237487576
       -1.067440237487576       -1.067283198825158
       -1.067283198825158       -1.067360956712099
       -1.067360956712099       -1.067608112254517
       -1.067608112254517       -1.067898350735778
       -1.067898350735778       -1.068137817155929
       -1.068137817155929       -1.068277278631814
       -1.068277278631814       -1.068337080470225
       -1.068337080470225       -1.068357214720547
       -1.068357214720547       -1.068390731105693
       -1.068390731105693       -1.068457837069145
       -1.068457837069145       -1.068565809685478
       -1.068565809685478       -1.068692442488991
       -1.068692442488991       -1.068823538827588
       -1.068823538827588       -1.068938816755922
       -1.068938816755922       -1.069040551931098
       -1.069040551931098       -1.069127374842446
       -1.069127374842446       -1.069213789458672
       -1.069213789458672       -1.069300643808450
       -1.069300643808450       -1.069397105410427
       -1.069397105410427       -1.069496073916714
       -1.069496073916714       -1.069600509447644
       -1.069600509447644       -1.069701041126187
       -1.069701041126187       -1.069801961611067
       -1.069801961611067       -1.069897029885915
       -1.069897029885915       -1.069993495927954
       -1.069993495927954       -1.070086627726955
       -1.070086627726955       -1.070183507196715
       -1.070183507196715       -1.070278317064920
       -1.070278317064920       -1.070376850149454
       -1.070376850149454       -1.070472398176657
       -1.070472398176657       -1.070570621474945
       -1.070570621474945       -1.070665170902576
       -1.070665170902576       -1.070762220937795
       -1.070762220937795       -1.070855885469143
       -1.070855885469143       -1.070952488713975
       -1.070952488713975       -1.071046064880497
       -1.071046064880497       -1.071142721277177
       -1.071142721277177       -1.071236284536524
       -1.071236284536524       -1.071332757196423
       -1.071332757196423       -1.071425967419967
       -1.071425967419967       -1.071521998074201
       -1.071521998074201       -1.071614766536774
       -1.071614766536774       -1.071710417003893
       -1.071710417003893       -1.071802879265545
       -1.071802879265545       -1.071898272361809
       -1.071898272361809       -1.071990490077246
       -1.071990490077246       -1.072085617779307
       -1.072085617779307       -1.072177541428453
       -1.072177541428453       -1.072272347990062
       -1.072272347990062       -1.072363942206803
       -1.072363942206803       -1.072458422729713
       -1.072458422729713       -1.072549701307983
       -1.072549701307983       -1.072643882933845
       -1.072643882933845       -1.072734855964777
       -1.072734855964777       -1.072828752609175
       -1.072828752609175       -1.072919449143760
       -1.072919449143760       -1.073013038787756
       -1.073013038787756       -1.073103409536462
       -1.073103409536462       -1.073196701682058
       -1.073196701682058       -1.073286744047360
       -1.073286744047360  -4.375007609399734E-001
  -4.375007609399734E-001       -1.073379711442194
       -1.073379711442194  -4.375178613205272E-001
  -4.375178613205272E-001       -1.073469467180538
       -1.073469467180538  -4.375362137643984E-001
  -4.375362137643984E-001       -1.073562142780873
       -1.073562142780873  -4.375540381441133E-001
  -4.375540381441133E-001       -1.073651587974729
       -1.073651587974729  -4.375730972939432E-001
  -4.375730972939432E-001       -1.073743952514786
       -1.073743952514786  -4.375916312436782E-001
  -4.375916312436782E-001       -1.073833089469873
       -1.073833089469873  -4.376113979602979E-001
  -4.376113979602979E-001       -1.073925145023057
       -1.073925145023057  -4.376306441363996E-001
  -4.376306441363996E-001       -1.074013977508314
       -1.074013977508314  -4.376511124500940E-001
  -4.376511124500940E-001       -1.074105725558739
       -1.074105725558739  -4.376710708077794E-001
  -4.376710708077794E-001       -1.074194256192563
       -1.074194256192563  -4.376922426784903E-001
  -4.376922426784903E-001       -1.074285697851815
       -1.074285697851815  -4.377129136094281E-001
  -4.377129136094281E-001       -1.074468539243716
       -1.074468539243716  -4.377578271578175E-001
  -4.377578271578175E-001       -1.074559523453200
       -1.074559523453200  -4.377795700094966E-001
  -4.377795700094966E-001       -1.074647263092680
       -1.074647263092680  -4.378025209018149E-001
  -4.378025209018149E-001       -1.074737935749753
       -1.074737935749753  -4.378249896241071E-001
  -4.378249896241071E-001       -1.075102748746917
       -1.075102748746917  -4.379236058720398E-001
  -4.379236058720398E-001       -1.075192667673105
       -1.075192667673105  -4.379478911674503E-001
  -4.379478911674503E-001       -1.075337596969092
       -1.075337596969092  -4.379901325983958E-001
  -4.379901325983958E-001       -1.075515605353964
       -1.075515605353964  -4.380415652988990E-001
  -4.380415652988990E-001       -1.075633975579864
       -1.075633975579864  -4.380781277693585E-001
  -4.380781277693585E-001       -1.075722949808888
       -1.075722949808888  -4.381045440142064E-001
  -4.381045440142064E-001       -1.075808644521220
       -1.075808644521220  -4.381321158042957E-001
  -4.381321158042957E-001       -1.075897318102814
       -1.075897318102814  -4.381592412977438E-001
  -4.381592412977438E-001       -1.075982711713932
       -1.075982711713932  -4.381875584025192E-001
  -4.381875584025192E-001       -1.076071211796534
       -1.076071211796534  -4.382153977169105E-001
  -4.382153977169105E-001       -1.076156298374720
       -1.076156298374720  -4.382443742514902E-001
  -4.382443742514902E-001       -1.076244356700589
       -1.076244356700589  -4.382729233735895E-001
  -4.382729233735895E-001       -1.076329135981071
       -1.076329135981071  -4.383025973603669E-001
  -4.383025973603669E-001       -1.076416884347897
       -1.076416884347897  -4.383318533592920E-001
  -4.383318533592920E-001       -1.076501358243765
       -1.076501358243765  -4.383622237869789E-001
  -4.383622237869789E-001       -1.076588798562348
       -1.076588798562348  -4.383921869526432E-001
  -4.383921869526432E-001       -1.076672968259797
       -1.076672968259797  -4.384232549370423E-001
  -4.384232549370423E-001       -1.076760100502846
       -1.076760100502846  -4.384539259926112E-001
  -4.384539259926112E-001       -1.076843965317847
       -1.076843965317847  -4.384856917053158E-001
  -4.384856917053158E-001       -1.076930788407088
       -1.076930788407088  -4.385170700297621E-001
  -4.385170700297621E-001       -1.077014347639297
       -1.077014347639297  -4.385495325614972E-001
  -4.385495325614972E-001       -1.077100861196065
       -1.077100861196065  -4.385816170876543E-001
  -4.385816170876543E-001       -1.077184114861885
       -1.077184114861885  -4.386147756122769E-001
  -4.386147756122769E-001       -1.077270319303830
       -1.077270319303830  -4.386475656944616E-001
  -4.386475656944616E-001       -1.077353267040805
       -1.077353267040805  -4.386814194780532E-001
  -4.386814194780532E-001       -1.077439163419920
       -1.077439163419920  -4.387149145854731E-001
  -4.387149145854731E-001       -1.077521803109005
       -1.077521803109005  -4.387494618685686E-001
  -4.387494618685686E-001       -1.077607394480006
       -1.077607394480006  -4.387836614170113E-001
  -4.387836614170113E-001       -1.077689721845903
       -1.077689721845903  -4.388189011857461E-001
  -4.388189011857461E-001       -1.077775010419388
       -1.077775010419388  -4.388538065424696E-001
  -4.388538065424696E-001       -1.077857030027279
       -1.077857030027279  -4.388897423344436E-001
  -4.388897423344436E-001       -1.077942012187901
       -1.077942012187901  -4.389253534646208E-001
  -4.389253534646208E-001       -1.078023720793664
       -1.078023720793664  -4.389619832077836E-001
  -4.389619832077836E-001       -1.078108395800179
       -1.078108395800179  -4.389982977379817E-001
  -4.389982977379817E-001       -1.078189792863935
       -1.078189792863935  -4.390356197911294E-001
  -4.390356197911294E-001       -1.078274143170972
       -1.078274143170972  -4.390726408089265E-001
  -4.390726408089265E-001       -1.078355245065423
       -1.078355245065423  -4.391106592779737E-001
  -4.391106592779737E-001       -1.078439292545239
       -1.078439292545239  -4.391483751817890E-001
  -4.391483751817890E-001       -1.078520083768602
       -1.078520083768602  -4.391870853024987E-001
  -4.391870853024987E-001       -1.078816447128807
       -1.078816447128807  -4.393276867542021E-001
  -4.393276867542021E-001       -1.078896528322574
       -1.078896528322574  -4.393679875136269E-001
  -4.393679875136269E-001       -1.078979564225973
       -1.078979564225973  -4.394080192192096E-001
  -4.394080192192096E-001       -1.079059338242583
       -1.079059338242583  -4.394490141340359E-001
  -4.394490141340359E-001       -1.079142062137639
       -1.079142062137639  -4.394897469337107E-001
  -4.394897469337107E-001       -1.079221526281397
       -1.079221526281397  -4.395314320443439E-001
  -4.395314320443439E-001       -1.079303938813312
       -1.079303938813312  -4.395728629607205E-001
  -4.395728629607205E-001       -1.079383095293651
       -1.079383095293651  -4.396152373143393E-001
  -4.396152373143393E-001       -1.079465198123329
       -1.079465198123329  -4.396573665680700E-001
  -4.396573665680700E-001       -1.079544047796419
       -1.079544047796419  -4.397004304841739E-001
  -4.397004304841739E-001       -1.079625841972233
       -1.079625841972233  -4.397432574290486E-001
  -4.397432574290486E-001       -1.079704377918165
       -1.079704377918165  -4.397870045686805E-001
  -4.397870045686805E-001       -1.079785864589127
       -1.079785864589127  -4.398305324096436E-001
  -4.398305324096436E-001       -1.079864091412240
       -1.079864091412240  -4.398749722882084E-001
  -4.398749722882084E-001       -1.079945272511602
       -1.079945272511602  -4.399191869419966E-001
  -4.399191869419966E-001       -1.080023167432693
       -1.080023167432693  -4.399642998969625E-001
  -4.399642998969625E-001       -1.080104067232622
       -1.080104067232622  -4.400092207596790E-001
  -4.400092207596790E-001       -1.080181661274864
       -1.080181661274864  -4.400550349896027E-001
  -4.400550349896027E-001       -1.080262249243627
       -1.080262249243627  -4.401006626720982E-001
  -4.401006626720982E-001       -1.080339526842929
       -1.080339526842929  -4.401471681199454E-001
  -4.401471681199454E-001       -1.080419796738242
       -1.080419796738242  -4.401934895337527E-001
  -4.401934895337527E-001       -1.080496760722789
       -1.080496760722789  -4.402406765814282E-001
  -4.402406765814282E-001       -1.080576719667609
       -1.080576719667609  -4.402876884136397E-001
  -4.402876884136397E-001       -1.080653377189585
       -1.080653377189585  -4.403355591618014E-001
  -4.403355591618014E-001       -1.080733028951524
       -1.080733028951524  -4.403832659715653E-001
  -4.403832659715653E-001       -1.080809380040994
       -1.080809380040994  -4.404318243996609E-001
  -4.404318243996609E-001       -1.080888721827330
       -1.080888721827330  -4.404802278143036E-001
  -4.404802278143036E-001       -1.080964763255854
       -1.080964763255854  -4.405294729497410E-001
  -4.405294729497410E-001       -1.081043792823734
       -1.081043792823734  -4.405785704996020E-001
  -4.405785704996020E-001       -1.081119523992368
       -1.081119523992368  -4.406284997087002E-001
  -4.406284997087002E-001       -1.081198242087438
       -1.081198242087438  -4.406782895943660E-001
  -4.406782895943660E-001       -1.081273664229086
       -1.081273664229086  -4.407289021677222E-001
  -4.407289021677222E-001       -1.081352071867622
       -1.081352071867622  -4.407793844959119E-001
  -4.407793844959119E-001  -4.408306807795949E-001
  -4.408306807795949E-001  -4.408818556792237E-001
  -4.408818556792237E-001  -4.409338353455092E-001
  -4.409338353455092E-001  -4.409857020983696E-001
  -4.409857020983696E-001  -4.410383642310201E-001
  -4.410383642310201E-001  -4.410909219571771E-001
  -4.410909219571771E-001  -4.411442658331852E-001
  -4.411442658331852E-001  -4.411975139922012E-001
  -4.411975139922012E-001  -4.412515391760600E-001
  -4.412515391760600E-001  -4.413054830813807E-001
  -4.413054830813807E-001  -4.413601847955870E-001
  -4.413601847955870E-001  -4.414148214005259E-001
  -4.414148214005259E-001  -4.414702061915720E-001
  -4.414702061915720E-001  -4.415255337207118E-001
  -4.415255337207118E-001  -4.415816009451614E-001
  -4.415816009451614E-001  -4.416376150405679E-001
  -4.416376150405679E-001  -4.416943546498630E-001
  -4.416943546498630E-001  -4.417510548191823E-001
  -4.417510548191823E-001  -4.418084734658805E-001
  -4.418084734658805E-001  -4.418658635750832E-001
  -4.418658635750832E-001  -4.419239625726752E-001
  -4.419239625726752E-001  -4.419820405687413E-001
  -4.419820405687413E-001  -4.420408167574271E-001
  -4.420408167574271E-001  -4.420995794678156E-001
  -4.420995794678156E-001  -4.421590305902826E-001
  -4.421590305902826E-001  -4.422184790665417E-001
  -4.422184790665417E-001  -4.422786175081953E-001
  -4.422786175081953E-001  -4.423387588120660E-001
  -4.423387588120660E-001  -4.423995665936505E-001
  -4.423995665936505E-001  -4.424603763663285E-001
  -4.424603763663285E-001  -4.425218490168636E-001
  -4.425218490168636E-001  -4.425833399567435E-001
  -4.425833399567435E-001  -4.426454931707091E-001
  -4.426454931707091E-001  -4.427076832341850E-001
  -4.427076832341850E-001  -4.427705220237600E-001
  -4.427705220237600E-001  -4.428333937473112E-001
  -4.428333937473112E-001  -4.428969013243442E-001
  -4.428969013243442E-001       -1.053326174386071
       -1.053326174386071       -1.053444521184624
       -1.053444521184624       -1.053565798329670
       -1.053565798329670       -1.053683842853190
       -1.053683842853190       -1.053804818328687
       -1.053804818328687       -1.053922565264217
       -1.053922565264217       -1.054043243192939
       -1.054043243192939       -1.054452306348282
       -1.054452306348282       -1.054738362381917
       -1.054738362381917       -1.054933740621741
       -1.054933740621741       -1.055071516542640
       -1.055071516542640       -1.055187658081057
       -1.055187658081057       -1.055306767029809
       -1.055306767029809       -1.055454058665378
       -1.055454058665378       -1.055581263153606
       -1.055581263153606       -1.055696746352442
       -1.055696746352442       -1.055815200282186
       -1.055815200282186       -1.055930391322618
       -1.055930391322618       -1.056048550302875
       -1.056048550302875       -1.056163444830689
       -1.056163444830689       -1.056281303955415
       -1.056281303955415       -1.056395898530836
       -1.056395898530836       -1.056513456834224
       -1.056513456834224       -1.056627752383247
       -1.056627752383247       -1.056745011858097
       -1.056745011858097       -1.056859009938239
       -1.056859009938239       -1.056975971237327
       -1.056975971237327       -1.057089671463495
       -1.057089671463495       -1.057206333747348
       -1.057206333747348       -1.057319735217655
       -1.057319735217655       -1.057436097997868
       -1.057436097997868       -1.057549200575937
       -1.057549200575937       -1.057665264077935
       -1.057665264077935       -1.057778067993358
       -1.057778067993358       -1.057893832406763
       -1.057893832406763       -1.058006337600544
       -1.058006337600544       -1.058121802784489
       -1.058121802784489       -1.058234008981664
       -1.058234008981664       -1.058349174761124
       -1.058349174761124       -1.058461081780633
       -1.058461081780633       -1.058575948118669
       -1.058575948118669       -1.060257706734543
       -1.060257706734543       -1.061663843072158
       -1.061663843072158       -1.063415012593959
       -1.063415012593959       -1.065415140980082
       -1.065415140980082       -1.065517277549265
       -1.065517277549265       -1.065622376587471
       -1.065622376587471       -1.065724208227280
       -1.065724208227280       -1.065829003327537
       -1.065829003327537       -1.065930529737531
       -1.065930529737531       -1.066035021748941
       -1.066035021748941       -1.066136245062858
       -1.066136245062858       -1.066240436072680
       -1.066240436072680       -1.066341378091126
       -1.066341378091126       -1.066445246381039
       -1.066445246381039       -1.066545878797941
       -1.066545878797941       -1.066649442335193
       -1.066649442335193       -1.066749777193126
       -1.066749777193126       -1.066853042296460
       -1.066853042296460       -1.066953075378269
       -1.066953075378269       -1.067056040486827
       -1.067056040486827       -1.067155771896060
       -1.067155771896060       -1.067258432977422
       -1.067258432977422       -1.067357847134436
       -1.067357847134436       -1.067460208137391
       -1.067460208137391       -1.067559324087700
       -1.067559324087700       -1.067661391315758
       -1.067661391315758       -1.067760211369166
       -1.067760211369166       -1.067861971047987
       -1.067861971047987       -1.067960485940639
       -1.067960485940639       -1.068061937062566
       -1.068061937062566       -1.068160148377758
       -1.068160148377758       -1.068261295803528
       -1.068261295803528       -1.068359206556455
       -1.068359206556455       -1.068460052069989
       -1.068460052069989       -1.068557661254179
       -1.068557661254179       -1.068658203309186
       -1.068658203309186       -1.068755508876956
       -1.068755508876956       -1.068855746610139
       -1.068855746610139       -1.068952748246063
       -1.068952748246063       -1.069052682290967
       -1.069052682290967       -1.069149380494410
       -1.069149380494410       -1.069249006306530
       -1.069249006306530       -1.069345416610394
       -1.069345416610394       -1.069444735161802
       -1.069444735161802       -1.069540841400049
       -1.069540841400049       -1.069639844683805
       -1.069639844683805       -1.069735651664258
       -1.069735651664258       -1.069834363162248
       -1.069834363162248       -1.069929849625870
       -1.069929849625870       -1.070028259020049
       -1.070028259020049       -1.070123452115877
       -1.070123452115877       -1.070221555959715
       -1.070221555959715       -1.070316443205884
       -1.070316443205884       -1.070414239968275
       -1.070414239968275       -1.070508833637852
       -1.070508833637852       -1.070606314134130
       -1.070606314134130       -1.070700599510496
       -1.070700599510496       -1.070797773221757
       -1.070797773221757       -1.070891759354618
       -1.070891759354618       -1.071129679647287
       -1.071129679647287       -1.071223131956995
       -1.071223131956995       -1.071319476251953
       -1.071319476251953       -1.071412622941979
       -1.071412622941979       -1.071508657134026
       -1.071508657134026       -1.071601496862040
       -1.071601496862040       -1.071697227374268
       -1.071697227374268       -1.071789763349925
       -1.071789763349925       -1.071885191839393
       -1.071885191839393       -1.071977423320073
       -1.071977423320073       -1.072072547123890
       -1.072072547123890       -1.072164472237890
       -1.072164472237890       -1.072259289587634
       -1.072259289587634       -1.072350908534365
       -1.072350908534365       -1.072445419598442
       -1.072445419598442       -1.072536733702679
       -1.072536733702679       -1.072630938533225
       -1.072630938533225       -1.072721947819969
       -1.072721947819969       -1.072815846531886
       -1.072815846531886       -1.072906556494004
       -1.072906556494004       -1.073000158709294
       -1.073000158709294       -1.073090565913170
       -1.073090565913170       -1.073183853021323
       -1.073183853021323       -1.073273922216315
       -1.073273922216315  -4.374983304402773E-001
  -4.374983304402773E-001       -1.073366925381562
       -1.073366925381562  -4.375153817334651E-001
  -4.375153817334651E-001       -1.073456703603039
       -1.073456703603039  -4.375336855013857E-001
  -4.375336855013857E-001       -1.073549398312775
       -1.073549398312775  -4.375514595610191E-001
  -4.375514595610191E-001       -1.073651439773077
       -1.073651439773077  -4.375730702332631E-001
  -4.375730702332631E-001       -1.073743802409916
       -1.073743802409916  -4.375916046324796E-001
  -4.375916046324796E-001       -1.073832958908414
       -1.073832958908414  -4.376113659181634E-001
  -4.376113659181634E-001       -1.073925015564484
       -1.073925015564484  -4.376306070183668E-001
  -4.376306070183668E-001       -1.074013861026157
       -1.074013861026157  -4.376510838498381E-001
  -4.376510838498381E-001       -1.074105606625361
       -1.074105606625361  -4.376710476384256E-001
  -4.376710476384256E-001       -1.074194136007013
       -1.074194136007013  -4.376922231677403E-001
  -4.376922231677403E-001       -1.074285570838295
       -1.074285570838295  -4.377128894689763E-001
  -4.377128894689763E-001       -1.074373760175778
       -1.074373760175778  -4.377347508788297E-001
  -4.377347508788297E-001       -1.074464906971371
       -1.074464906971371  -4.377561226361653E-001
  -4.377561226361653E-001       -1.074889804277875
       -1.074889804277875  -4.378657131139508E-001
  -4.378657131139508E-001       -1.075162813082891
       -1.075162813082891  -4.379395088120937E-001
  -4.379395088120937E-001       -1.075346230740000
       -1.075346230740000  -4.379926275276241E-001
  -4.379926275276241E-001       -1.075475101002546
       -1.075475101002546  -4.380295224064248E-001
  -4.380295224064248E-001       -1.075561247467560
       -1.075561247467560  -4.380561068832498E-001
  -4.380561068832498E-001       -1.075650351806825
       -1.075650351806825  -4.380822422663600E-001
  -4.380822422663600E-001       -1.075736189592216
       -1.075736189592216  -4.381095243158459E-001
  -4.381095243158459E-001       -1.075824983976438
       -1.075824983976438  -4.381363665240554E-001
  -4.381363665240554E-001       -1.075910517079362
       -1.075910517079362  -4.381643463102328E-001
  -4.381643463102328E-001       -1.075999004716923
       -1.075999004716923  -4.381918970604525E-001
  -4.381918970604525E-001       -1.076084233653404
       -1.076084233653404  -4.382205764577957E-001
  -4.382205764577957E-001       -1.076172414226365
       -1.076172414226365  -4.382488367109672E-001
  -4.382488367109672E-001       -1.076257337069898
       -1.076257337069898  -4.382782155126878E-001
  -4.382782155126878E-001       -1.076345209485719
       -1.076345209485719  -4.383071840801627E-001
  -4.383071840801627E-001       -1.076429824925911
       -1.076429824925911  -4.383372609224966E-001
  -4.383372609224966E-001       -1.076517389564385
       -1.076517389564385  -4.383669363927145E-001
  -4.383669363927145E-001       -1.076601697057750
       -1.076601697057750  -4.383977106443650E-001
  -4.383977106443650E-001       -1.076688955141717
       -1.076688955141717  -4.384280919920627E-001
  -4.384280919920627E-001       -1.076772952896405
       -1.076772952896405  -4.384595637213290E-001
  -4.384595637213290E-001       -1.076859906157133
       -1.076859906157133  -4.384906489839114E-001
  -4.384906489839114E-001       -1.076943588986553
       -1.076943588986553  -4.385228132189232E-001
  -4.385228132189232E-001       -1.077030246120986
       -1.077030246120986  -4.385546091903459E-001
  -4.385546091903459E-001       -1.077113621485631
       -1.077113621485631  -4.385874740620767E-001
  -4.385874740620767E-001       -1.077199958554528
       -1.077199958554528  -4.386199774332941E-001
  -4.386199774332941E-001       -1.077283034859802
       -1.077283034859802  -4.386535388919335E-001
  -4.386535388919335E-001       -1.077369063938497
       -1.077369063938497  -4.386867514547104E-001
  -4.386867514547104E-001       -1.077451840304303
       -1.077451840304303  -4.387210181108558E-001
  -4.387210181108558E-001       -1.077537552031041
       -1.077537552031041  -4.387549277711215E-001
  -4.387549277711215E-001       -1.077620004599831
       -1.077620004599831  -4.387898781381430E-001
  -4.387898781381430E-001       -1.077705411909725
       -1.077705411909725  -4.388244864931287E-001
  -4.388244864931287E-001       -1.077787565118499
       -1.077787565118499  -4.388601319645124E-001
  -4.388601319645124E-001       -1.077872670145224
       -1.077872670145224  -4.388954479044873E-001
  -4.388954479044873E-001       -1.077954516481455
       -1.077954516481455  -4.389317848078088E-001
  -4.389317848078088E-001       -1.078039324918175
       -1.078039324918175  -4.389678182599801E-001
  -4.389678182599801E-001       -1.078120872623560
       -1.078120872623560  -4.390048594194486E-001
  -4.390048594194486E-001       -1.078205354613299
       -1.078205354613299  -4.390415904616647E-001
  -4.390415904616647E-001       -1.078286576897791
       -1.078286576897791  -4.390793172966275E-001
  -4.390793172966275E-001       -1.078370748154772
       -1.078370748154772  -4.391167467146517E-001
  -4.391167467146517E-001       -1.078451686506369
       -1.078451686506369  -4.391551699858177E-001
  -4.391551699858177E-001       -1.078535549999697
       -1.078535549999697  -4.391932959706974E-001
  -4.391932959706974E-001       -1.078616156878138
       -1.078616156878138  -4.392324013720246E-001
  -4.392324013720246E-001       -1.078699728846190
       -1.078699728846190  -4.392712398496806E-001
  -4.392712398496806E-001       -1.078780046471751
       -1.078780046471751  -4.393110535234462E-001
  -4.393110535234462E-001       -1.078863300265472
       -1.078863300265472  -4.393505944609788E-001
  -4.393505944609788E-001       -1.078943289539404
       -1.078943289539404  -4.393910919600801E-001
  -4.393910919600801E-001       -1.079026231494030
       -1.079026231494030  -4.394313269737542E-001
  -4.394313269737542E-001       -1.079105919223755
       -1.079105919223755  -4.394725121233972E-001
  -4.394725121233972E-001       -1.079188555623100
       -1.079188555623100  -4.395134479751546E-001
  -4.395134479751546E-001       -1.079267939911827
       -1.079267939911827  -4.395553263651821E-001
  -4.395553263651821E-001       -1.079350267646545
       -1.079350267646545  -4.395969650110813E-001
  -4.395969650110813E-001       -1.079429343020626
       -1.079429343020626  -4.396395352662935E-001
  -4.396395352662935E-001       -1.079511359488143
       -1.079511359488143  -4.396818734415291E-001
  -4.396818734415291E-001       -1.079590124814240
       -1.079590124814240  -4.397251323515964E-001
  -4.397251323515964E-001       -1.079671831295888
       -1.079671831295888  -4.397681679832320E-001
  -4.397681679832320E-001       -1.079750288013251
       -1.079750288013251  -4.398121150046945E-001
  -4.398121150046945E-001       -1.079831686013463
       -1.079831686013463  -4.398558485044105E-001
  -4.398558485044105E-001       -1.079909834380286
       -1.079909834380286  -4.399004843518380E-001
  -4.399004843518380E-001       -1.079990923643204
       -1.079990923643204  -4.399449160222954E-001
  -4.399449160222954E-001       -1.080068762578578
       -1.080068762578578  -4.399902404822567E-001
  -4.399902404822567E-001       -1.080149542138690
       -1.080149542138690  -4.400353692392780E-001
  -4.400353692392780E-001       -1.080227070813842
       -1.080227070813842  -4.400813813603663E-001
  -4.400813813603663E-001       -1.080307540686636
       -1.080307540686636  -4.401272060350109E-001
  -4.401272060350109E-001       -1.080384759198984
       -1.080384759198984  -4.401739050162425E-001
  -4.401739050162425E-001       -1.080464919885831
       -1.080464919885831  -4.402204251184390E-001
  -4.402204251184390E-001       -1.080541828200600
       -1.080541828200600  -4.402678107028297E-001
  -4.402678107028297E-001       -1.080621679795860
       -1.080621679795860  -4.403150259225853E-001
  -4.403150259225853E-001       -1.080698277516301
       -1.080698277516301  -4.403630977772784E-001
  -4.403630977772784E-001       -1.080777819893225
       -1.080777819893225  -4.404110074727215E-001
  -4.404110074727215E-001       -1.080854106182614
       -1.080854106182614  -4.404597648523129E-001
  -4.404597648523129E-001       -1.080933339595049
       -1.080933339595049  -4.405083680279974E-001
  -4.405083680279974E-001       -1.081009313547009
       -1.081009313547009  -4.405578101780723E-001
  -4.405578101780723E-001       -1.081088238727266
       -1.081088238727266  -4.406071057583600E-001
  -4.406071057583600E-001       -1.081163898759532
       -1.081163898759532  -4.406572290251209E-001
  -4.406572290251209E-001       -1.081242511521398
       -1.081242511521398  -4.407072240256904E-001
  -4.407072240256904E-001       -1.081317885572410
       -1.081317885572410  -4.407580414773784E-001
  -4.407580414773784E-001       -1.081396191306484
       -1.081396191306484  -4.408087381589153E-001
  -4.408087381589153E-001  -4.408602390993747E-001
  -4.408602390993747E-001  -4.409116047041575E-001
  -4.409116047041575E-001  -4.409637623237324E-001
  -4.409637623237324E-001  -4.410158242288930E-001
  -4.410158242288930E-001  -4.410686871062957E-001
  -4.410686871062957E-001  -4.411214484440806E-001
  -4.411214484440806E-001  -4.411749933379697E-001
  -4.411749933379697E-001  -4.412284351456498E-001
  -4.412284351456498E-001  -4.412826448316799E-001
  -4.412826448316799E-001  -4.413367786687417E-001
  -4.413367786687417E-001  -4.413916773610102E-001
  -4.413916773610102E-001  -4.414465089637114E-001
  -4.414465089637114E-001  -4.415020927934525E-001
  -4.415020927934525E-001  -4.415576134902235E-001
  -4.415576134902235E-001  -4.416138741548452E-001
  -4.416138741548452E-001  -4.416700793335225E-001
  -4.416700793335225E-001  -4.417270164206216E-001
  -4.417270164206216E-001  -4.417839083621424E-001
  -4.417839083621424E-001  -4.418415247167075E-001
  -4.418415247167075E-001  -4.418991050738351E-001
  -4.418991050738351E-001  -4.419574005647459E-001
  -4.419574005647459E-001  -4.420156675632680E-001
  -4.420156675632680E-001  -4.420746397938554E-001
  -4.420746397938554E-001  -4.421335914931747E-001
  -4.421335914931747E-001  -4.421932487252004E-001
  -4.421932487252004E-001  -4.422529178886542E-001
  -4.422529178886542E-001  -4.423132505754460E-001
  -4.423132505754460E-001  -4.423735758174344E-001
  -4.423735758174344E-001  -4.428023317255732E-001
  -4.428023317255732E-001  -4.428653517905116E-001
  -4.428653517905116E-001  -4.429290139884133E-001
  -4.429290139884133E-001       -1.053323965882343
       -1.053323965882343       -1.053445386230382
       -1.053445386230382       -1.053563584384927
       -1.053563584384927       -1.053684705429447
       -1.053684705429447       -1.053802607483932
       -1.053802607483932       -1.053923433954903
       -1.053923433954903       -1.054331013394373
       -1.054331013394373       -1.054615911139867
       -1.054615911139867       -1.054810356078501
       -1.054810356078501       -1.054976632985808
       -1.054976632985808       -1.055095877804422
       -1.055095877804422       -1.055215096882778
       -1.055215096882778       -1.055331052465425
       -1.055331052465425       -1.055449968450728
       -1.055449968450728       -1.055565625479957
       -1.055565625479957       -1.055684244331502
       -1.055684244331502       -1.055799606683954
       -1.055799606683954       -1.055917929251453
       -1.055917929251453       -1.056032995226550
       -1.056032995226550       -1.056151018947990
       -1.056151018947990       -1.056265786377076
       -1.056265786377076       -1.056383510387287
       -1.056383510387287       -1.056497979202110
       -1.056497979202110       -1.056615403992925
       -1.056615403992925       -1.056729574821433
       -1.056729574821433       -1.056846701001972
       -1.056846701001972       -1.056960573895516
       -1.056960573895516       -1.057077401172894
       -1.057077401172894       -1.057190975612468
       -1.057190975612468       -1.057307503617637
       -1.057307503617637       -1.057420779349930
       -1.057420779349930       -1.057537008084372
       -1.057537008084372       -1.057649985135515
       -1.057649985135515       -1.057765914695340
       -1.057765914695340       -1.057878593007991
       -1.057878593007991       -1.057994223341810
       -1.057994223341810       -1.058106602733095
       -1.058106602733095       -1.059714624230881
       -1.059714624230881       -1.060981341966242
       -1.060981341966242       -1.062416840190577
       -1.062416840190577       -1.064142561360177
       -1.064142561360177       -1.066044796120687
       -1.066044796120687       -1.066146015345057
       -1.066146015345057       -1.066250192086466
       -1.066250192086466       -1.066351107493277
       -1.066351107493277       -1.066454980347496
       -1.066454980347496       -1.066555589616894
       -1.066555589616894       -1.066659158309627
       -1.066659158309627       -1.066759487634068
       -1.066759487634068       -1.066862737148689
       -1.066862737148689       -1.066962755309328
       -1.066962755309328       -1.067065696260120
       -1.067065696260120       -1.067165415806738
       -1.067165415806738       -1.067268058867186
       -1.067268058867186       -1.067367477798507
       -1.067367477798507       -1.067469821601431
       -1.067469821601431       -1.067568938406820
       -1.067568938406820       -1.067670977761968
       -1.067670977761968       -1.067769783436413
       -1.067769783436413       -1.067871521173654
       -1.067871521173654       -1.067970021189467
       -1.067970021189467       -1.068071463498485
       -1.068071463498485       -1.068169665556733
       -1.068169665556733       -1.068270803599513
       -1.068270803599513       -1.068368703425057
       -1.068368703425057       -1.068469533811063
       -1.068469533811063       -1.068567129425347
       -1.068567129425347       -1.068667654405336
       -1.068667654405336       -1.068764947888859
       -1.068764947888859       -1.068865169919157
       -1.068865169919157       -1.068962161639618
       -1.068962161639618       -1.069062080461934
       -1.069062080461934       -1.069158768988785
       -1.069158768988785       -1.069258383671940
       -1.069258383671940       -1.069354768183277
       -1.069354768183277       -1.069454078746521
       -1.069454078746521       -1.069550159438412
       -1.069550159438412       -1.069649166313168
       -1.069649166313168       -1.069744943241300
       -1.069744943241300       -1.069843646487517
       -1.069843646487517       -1.069939118883785
       -1.069939118883785       -1.070037511251225
       -1.070037511251225       -1.070272188997664
       -1.070272188997664       -1.070370047655959
       -1.070370047655959       -1.070464693707369
       -1.070464693707369       -1.070562262363598
       -1.070562262363598       -1.070656616496808
       -1.070656616496808       -1.070753876523579
       -1.070753876523579       -1.070847923000503
       -1.070847923000503       -1.070944873695805
       -1.070944873695805       -1.071038628779871
       -1.071038628779871       -1.071135261450276
       -1.071135261450276       -1.071228706408375
       -1.071228706408375       -1.071325037816195
       -1.071325037816195       -1.071418180609322
       -1.071418180609322       -1.071542536103540
       -1.071542536103540       -1.071635324902406
       -1.071635324902406       -1.071731002834311
       -1.071731002834311       -1.071823490023584
       -1.071823490023584       -1.071918858763843
       -1.071918858763843       -1.072011038329634
       -1.072011038329634       -1.072106101898114
       -1.072106101898114       -1.072197975737230
       -1.072197975737230       -1.072292736349671
       -1.072292736349671       -1.072384304668369
       -1.072384304668369       -1.072478760901070
       -1.072478760901070       -1.072570021611745
       -1.072570021611745       -1.072664180472061
       -1.072664180472061       -1.072755131172370
       -1.072755131172370       -1.072848983231073
       -1.072848983231073       -1.072939647744740
       -1.072939647744740       -1.073033214988749
       -1.073033214988749       -1.073123566259387
       -1.073123566259387       -1.073216788785619
       -1.073216788785619       -1.073306788699426
       -1.073306788699426  -4.375045752543547E-001
  -4.375045752543547E-001       -1.073399733849088
       -1.073399733849088  -4.375217546146167E-001
  -4.375217546146167E-001       -1.073489442763921
       -1.073489442763921  -4.375401805848294E-001
  -4.375401805848294E-001       -1.073582092275617
       -1.073582092275617  -4.375580767844862E-001
  -4.375580767844862E-001       -1.073671530115308
       -1.073671530115308  -4.375772253334834E-001
  -4.375772253334834E-001       -1.073763866452992
       -1.073763866452992  -4.375958634750577E-001
  -4.375958634750577E-001       -1.073852969144126
       -1.073852969144126  -4.376157071251423E-001
  -4.376157071251423E-001       -1.073944969560966
       -1.073944969560966  -4.376350326395853E-001
  -4.376350326395853E-001       -1.074033750179281
       -1.074033750179281  -4.376555633790181E-001
  -4.376555633790181E-001       -1.074533930035578
       -1.074533930035578  -4.377731872481299E-001
  -4.377731872481299E-001       -1.074872190272339
       -1.074872190272339  -4.378610194221582E-001
  -4.378610194221582E-001       -1.074962487388721
       -1.074962487388721  -4.378843861684550E-001
  -4.378843861684550E-001       -1.075165023084371
       -1.075165023084371  -4.379409788588570E-001
  -4.379409788588570E-001       -1.075306930434026
       -1.075306930434026  -4.379804360470992E-001
  -4.379804360470992E-001       -1.075400787878817
       -1.075400787878817  -4.380085159347191E-001
  -4.380085159347191E-001       -1.075490166620077
       -1.075490166620077  -4.380339941861238E-001
  -4.380339941861238E-001       -1.075576320029851
       -1.075576320029851  -4.380606397624904E-001
  -4.380606397624904E-001       -1.075737221041752
       -1.075737221041752  -4.381089704544882E-001
  -4.381089704544882E-001       -1.075822915298927
       -1.075822915298927  -4.381366022637431E-001
  -4.381366022637431E-001       -1.075911539897508
       -1.075911539897508  -4.381638032820929E-001
  -4.381638032820929E-001       -1.075996921643901
       -1.075996921643901  -4.381921210666035E-001
  -4.381921210666035E-001       -1.076085243605553
       -1.076085243605553  -4.382200235912532E-001
  -4.382200235912532E-001       -1.076170304856390
       -1.076170304856390  -4.382490279241383E-001
  -4.382490279241383E-001       -1.076258352649959
       -1.076258352649959  -4.382776366252595E-001
  -4.382776366252595E-001       -1.076343131922071
       -1.076343131922071  -4.383073620337250E-001
  -4.383073620337250E-001       -1.076430868720612
       -1.076430868720612  -4.383366961399863E-001
  -4.383366961399863E-001       -1.076515334803820
       -1.076515334803820  -4.383671271030831E-001
  -4.383671271030831E-001       -1.076602746515905
       -1.076602746515905  -4.383971651099602E-001
  -4.383971651099602E-001       -1.076686899002940
       -1.076686899002940  -4.384282850972653E-001
  -4.384282850972653E-001       -1.076773997725250
       -1.076773997725250  -4.384590211083303E-001
  -4.384590211083303E-001       -1.076857848578865
       -1.076857848578865  -4.384908335918438E-001
  -4.384908335918438E-001       -1.076944643516188
       -1.076944643516188  -4.385222756697522E-001
  -4.385222756697522E-001       -1.077028193680335
       -1.077028193680335  -4.385547879894884E-001
  -4.385547879894884E-001       -1.077114681788821
       -1.077114681788821  -4.385869396822031E-001
  -4.385869396822031E-001       -1.077197925147627
       -1.077197925147627  -4.386201510645272E-001
  -4.386201510645272E-001       -1.077284102423955
       -1.077284102423955  -4.386530088875373E-001
  -4.386530088875373E-001       -1.077367036678563
       -1.077367036678563  -4.386869154318825E-001
  -4.386869154318825E-001       -1.077452904268639
       -1.077452904268639  -4.387204764318409E-001
  -4.387204764318409E-001       -1.077535530557004
       -1.077535530557004  -4.387550773468229E-001
  -4.387550773468229E-001       -1.077621091357193
       -1.077621091357193  -4.387893402958615E-001
  -4.387893402958615E-001       -1.077703406437323
       -1.077703406437323  -4.388246349918459E-001
  -4.388246349918459E-001       -1.077788663357430
       -1.077788663357430  -4.388596053854870E-001
  -4.388596053854870E-001       -1.077870675405407
       -1.077870675405407  -4.388955970511196E-001
  -4.388955970511196E-001       -1.077955621540679
       -1.077955621540679  -4.389312732475811E-001
  -4.389312732475811E-001       -1.078037326071050
       -1.078037326071050  -4.389679591411636E-001
  -4.389679591411636E-001       -1.078121961801820
       -1.078121961801820  -4.390043380440414E-001
  -4.390043380440414E-001       -1.078203358145300
       -1.078203358145300  -4.390417161946438E-001
  -4.390417161946438E-001       -1.078287685594732
       -1.078287685594732  -4.390787972098907E-001
  -4.390787972098907E-001       -1.078368774716184
       -1.078368774716184  -4.391168681169730E-001
  -4.391168681169730E-001       -1.078452794626816
       -1.078452794626816  -4.391546519606731E-001
  -4.391546519606731E-001       -1.078533576040386
       -1.078533576040386  -4.391934160609632E-001
  -4.391934160609632E-001       -1.078617287693259
       -1.078617287693259  -4.392319024983525E-001
  -4.392319024983525E-001       -1.078697760487378
       -1.078697760487378  -4.392713590923706E-001
  -4.392713590923706E-001       -1.078781163395350
       -1.078781163395350  -4.393105471274577E-001
  -4.393105471274577E-001       -1.078861327384325
       -1.078861327384325  -4.393506953294563E-001
  -4.393506953294563E-001       -1.078944421694233
       -1.078944421694233  -4.393905842502843E-001
  -4.393905842502843E-001       -1.079024277059250
       -1.079024277059250  -4.394314236374519E-001
  -4.394314236374519E-001       -1.079107062906248
       -1.079107062906248  -4.394720131104948E-001
  -4.394720131104948E-001       -1.079186609550334
       -1.079186609550334  -4.395135433849018E-001
  -4.395135433849018E-001       -1.079269086803949
       -1.079269086803949  -4.395548330114766E-001
  -4.395548330114766E-001       -1.079348324507849
       -1.079348324507849  -4.395970537325031E-001
  -4.395970537325031E-001       -1.079430492957208
       -1.079430492957208  -4.396390429518072E-001
  -4.396390429518072E-001       -1.079509421562653
       -1.079509421562653  -4.396819535658348E-001
  -4.396819535658348E-001       -1.079591281099404
       -1.079591281099404  -4.397246417925108E-001
  -4.397246417925108E-001       -1.079669900543308
       -1.079669900543308  -4.397682417860538E-001
  -4.397682417860538E-001       -1.079751451105000
       -1.079751451105000  -4.398116285019627E-001
  -4.398116285019627E-001       -1.079829761319759
       -1.079829761319759  -4.398559174127065E-001
  -4.398559174127065E-001       -1.079911002808037
       -1.079911002808037  -4.399000021178056E-001
  -4.399000021178056E-001       -1.079989003682733
       -1.079989003682733  -4.399449794670106E-001
  -4.399449794670106E-001       -1.080069935867507
       -1.080069935867507  -4.399897615385295E-001
  -4.399897615385295E-001       -1.080147627002300
       -1.080147627002300  -4.400354269782977E-001
  -4.400354269782977E-001       -1.080228249483669
       -1.080228249483669  -4.400809055494641E-001
  -4.400809055494641E-001       -1.080305630806716
       -1.080305630806716  -4.401272583892589E-001
  -4.401272583892589E-001       -1.080385943715184
       -1.080385943715184  -4.401734328852699E-001
  -4.401734328852699E-001       -1.080463015373300
       -1.080463015373300  -4.402204727208467E-001
  -4.402204727208467E-001       -1.080543018589551
       -1.080543018589551  -4.402673427965037E-001
  -4.402673427965037E-001       -1.080619780526901
       -1.080619780526901  -4.403150692059091E-001
  -4.403150692059091E-001       -1.080699473837986
       -1.080699473837986  -4.403626343374274E-001
  -4.403626343374274E-001       -1.080775925841235
       -1.080775925841235  -4.404110467171025E-001
  -4.404110467171025E-001       -1.080855309134294
       -1.080855309134294  -4.404593062777542E-001
  -4.404593062777542E-001       -1.080931451117398
       -1.080931451117398  -4.405084040305766E-001
  -4.405084040305766E-001       -1.081010524364054
       -1.081010524364054  -4.405573574606563E-001
  -4.405573574606563E-001       -1.081086356255211
       -1.081086356255211  -4.406071400668109E-001
  -4.406071400668109E-001       -1.081165119401535
       -1.081165119401535  -4.406567868496206E-001
  -4.406567868496206E-001       -1.081240641069248
       -1.081240641069248  -4.407072537882605E-001
  -4.407072537882605E-001       -1.081319094035528
       -1.081319094035528  -4.407575933781370E-001
  -4.407575933781370E-001       -1.081394305320285
       -1.081394305320285  -4.408087440921470E-001
  -4.408087440921470E-001  -4.408597759104302E-001
  -4.408597759104302E-001  -4.409116098269583E-001
  -4.409116098269583E-001  -4.409633332898621E-001
  -4.409633332898621E-001  -4.410158498439852E-001
  -4.410158498439852E-001  -4.410682643500895E-001
  -4.410682643500895E-001  -4.411214629709431E-001
  -4.411214629709431E-001  -4.411745678366062E-001
  -4.411745678366062E-001  -4.412284479246665E-001
  -4.412284479246665E-001  -4.412822421907162E-001
  -4.412822421907162E-001  -4.413368030517644E-001
  -4.413368030517644E-001  -4.413912847095048E-001
  -4.413912847095048E-001  -4.414465192680440E-001
  -4.414465192680440E-001  -4.415016882722598E-001
  -4.415016882722598E-001  -4.415576056676083E-001
  -4.415576056676083E-001  -4.416134743564003E-001
  -4.416134743564003E-001  -4.416700772050476E-001
  -4.416700772050476E-001  -4.417266245117102E-001
  -4.417266245117102E-001  -4.417839040402716E-001
  -4.417839040402716E-001  -4.418411374818638E-001
  -4.418411374818638E-001  -4.418990963996533E-001
  -4.418990963996533E-001  -4.419570081982133E-001
  -4.419570081982133E-001  -4.420156242264309E-001
  -4.420156242264309E-001  -4.420742263327972E-001
  -4.420742263327972E-001  -4.421335404235658E-001
  -4.421335404235658E-001  -4.421928428321258E-001
  -4.421928428321258E-001  -4.422528368394869E-001
  -4.422528368394869E-001  -4.423128189343789E-001
  -4.423128189343789E-001  -4.423734742301383E-001
  -4.423734742301383E-001  -4.424341257259624E-001
  -4.424341257259624E-001  -4.424954571504384E-001
  -4.424954571504384E-001  -4.425568152483962E-001
  -4.425568152483962E-001  -4.426188293433573E-001
  -4.426188293433573E-001  -4.426808706047792E-001
  -4.426808706047792E-001  -4.427435680132529E-001
  -4.427435680132529E-001  -4.428062964758646E-001
  -4.428062964758646E-001  -4.428696673416720E-001
  -4.428696673416720E-001  -4.429330563860662E-001
  -4.429330563860662E-001       -1.053223906813599
       -1.053223906813599       -1.053345449138881
       -1.053345449138881       -1.053463778483451
       -1.053463778483451       -1.053585024342578
       -1.053585024342578       -1.053703057042275
       -1.053703057042275       -1.053824005774195
       -1.053824005774195       -1.054224889288097
       -1.054224889288097       -1.054504903423263
       -1.054504903423263       -1.054730203355467
       -1.054730203355467       -1.054855343328529
       -1.054855343328529       -1.054971760377351
       -1.054971760377351       -1.055091133396193
       -1.055091133396193       -1.055207251766855
       -1.055207251766855       -1.055326324704891
       -1.055326324704891       -1.055442145123529
       -1.055442145123529       -1.055560919648416
       -1.055560919648416       -1.055676443486963
       -1.055676443486963       -1.055794920240905
       -1.055794920240905       -1.055910147200073
       -1.055910147200073       -1.056028325476421
       -1.056028325476421       -1.056143254715655
       -1.056143254715655       -1.056261134045848
       -1.056261134045848       -1.056375765426942
       -1.056375765426942       -1.056493345893711
       -1.056493345893711       -1.056607679216260
       -1.056607679216260       -1.056724960619769
       -1.056724960619769       -1.056838995689223
       -1.056838995689223       -1.056955978057851
       -1.056955978057851       -1.057069714783800
       -1.057069714783800       -1.057186398072918
       -1.057186398072918       -1.057299836304458
       -1.057299836304458       -1.057416220435976
       -1.057416220435976       -1.057529360018693
       -1.057529360018693       -1.057645444932837
       -1.057645444932837       -1.059152489540983
       -1.059152489540983       -1.060414416966714
       -1.060414416966714       -1.061516521636319
       -1.061516521636319       -1.062916723676209
       -1.062916723676209       -1.064563170033003
       -1.064563170033003       -1.066341695847383
       -1.066341695847383       -1.066442482677425
       -1.066442482677425       -1.066546219248414
       -1.066546219248414       -1.066646701878204
       -1.066646701878204       -1.066750134468160
       -1.066750134468160       -1.066850311037884
       -1.066850311037884       -1.066953439604891
       -1.066953439604891       -1.067053312087646
       -1.067053312087646       -1.067156125360004
       -1.067156125360004       -1.067255716951905
       -1.067255716951905       -1.067358224042973
       -1.067358224042973       -1.067457511981991
       -1.067457511981991       -1.067559712368551
       -1.067559712368551       -1.067658696394421
       -1.067658696394421       -1.067760596676613
       -1.067760596676613       -1.067859278539878
       -1.067859278539878       -1.067960878502392
       -1.067960878502392       -1.068059258462244
       -1.068059258462244       -1.068160554828466
       -1.068160554828466       -1.068312623355197
       -1.068312623355197       -1.068413546080164
       -1.068413546080164       -1.068511233757358
       -1.068511233757358       -1.068611853425974
       -1.068611853425974       -1.068709236361647
       -1.068709236361647       -1.068809543960830
       -1.068809543960830       -1.068906620234242
       -1.068906620234242       -1.069006621288537
       -1.069006621288537       -1.069103396384066
       -1.069103396384066       -1.069203095701537
       -1.069203095701537       -1.069299570347189
       -1.069299570347189       -1.069398966654623
       -1.069398966654623       -1.069495137919891
       -1.069495137919891       -1.069594229122661
       -1.069594229122661       -1.069690095707438
       -1.069690095707438       -1.069788882157931
       -1.069788882157931       -1.069884444777567
       -1.069884444777567       -1.069982927486858
       -1.069982927486858       -1.070078186633386
       -1.070078186633386       -1.070176365548866
       -1.070176365548866       -1.070271320417363
       -1.070271320417363       -1.070369194642307
       -1.070369194642307       -1.070463867851159
       -1.070463867851159       -1.070561419798898
       -1.070561419798898       -1.070655749376863
       -1.070655749376863       -1.070752992150421
       -1.070752992150421       -1.070847060640470
       -1.070847060640470       -1.070944022614096
       -1.070944022614096       -1.071037766535878
       -1.071037766535878       -1.071134419005193
       -1.071134419005193       -1.071227861670240
       -1.071227861670240       -1.071324203554878
       -1.071324203554878       -1.071417353667720
       -1.071417353667720       -1.071513374432510
       -1.071513374432510       -1.071606214520861
       -1.071606214520861       -1.071701936553587
       -1.071701936553587       -1.071817625550585
       -1.071817625550585       -1.071913017269640
       -1.071913017269640       -1.072005216278929
       -1.072005216278929       -1.072100293922868
       -1.072100293922868       -1.072192182213683
       -1.072192182213683       -1.072286945330065
       -1.072286945330065       -1.072378521051635
       -1.072378521051635       -1.072472987667734
       -1.072472987667734       -1.072564259887431
       -1.072564259887431       -1.072658424376991
       -1.072658424376991       -1.072749391482261
       -1.072749391482261       -1.072843264751294
       -1.072843264751294       -1.072933942890146
       -1.072933942890146       -1.073027502718578
       -1.073027502718578       -1.073117829242671
       -1.073117829242671       -1.073211093245965
       -1.073211093245965       -1.073301120226849
       -1.073301120226849  -4.375034934849572E-001
  -4.375034934849572E-001       -1.073394074480696
       -1.073394074480696  -4.375206544176395E-001
  -4.375206544176395E-001       -1.073483807239076
       -1.073483807239076  -4.375390716713146E-001
  -4.375390716713146E-001       -1.073576451189433
       -1.073576451189433  -4.375569527708627E-001
  -4.375569527708627E-001       -1.073665898697716
       -1.073665898697716  -4.375760753610314E-001
  -4.375760753610314E-001       -1.073758225598400
       -1.073758225598400  -4.375946691779629E-001
  -4.375946691779629E-001       -1.073910924875479
       -1.073910924875479  -4.376283152814943E-001
  -4.376283152814943E-001       -1.074042080993770
       -1.074042080993770  -4.376566573905094E-001
  -4.376566573905094E-001       -1.074491367214858
       -1.074491367214858  -4.377645958203190E-001
  -4.377645958203190E-001       -1.074599186622440
       -1.074599186622440  -4.377895209585241E-001
  -4.377895209585241E-001       -1.074686872851037
       -1.074686872851037  -4.378126312924434E-001
  -4.378126312924434E-001       -1.074777491977353
       -1.074777491977353  -4.378353810160006E-001
  -4.378353810160006E-001       -1.074865351098525
       -1.074865351098525  -4.378600959351782E-001
  -4.378600959351782E-001       -1.074958979783191
       -1.074958979783191  -4.378850950601278E-001
  -4.378850950601278E-001       -1.075052106789198
       -1.075052106789198  -4.379122121144592E-001
  -4.379122121144592E-001       -1.075151376170623
       -1.075151376170623  -4.379397934311264E-001
  -4.379397934311264E-001       -1.075250468700150
       -1.075250468700150  -4.379697171488283E-001
  -4.379697171488283E-001       -1.075356151622342
       -1.075356151622342  -4.379946636845411E-001
  -4.379946636845411E-001       -1.075442525928144
       -1.075442525928144  -4.380207673964040E-001
  -4.380207673964040E-001       -1.075531819257311
       -1.075531819257311  -4.380464340345128E-001
  -4.380464340345128E-001       -1.075617886364447
       -1.075617886364447  -4.380732386707127E-001
  -4.380732386707127E-001       -1.075706883108969
       -1.075706883108969  -4.380996008420420E-001
  -4.380996008420420E-001       -1.075792634035506
       -1.075792634035506  -4.381271021237357E-001
  -4.381271021237357E-001       -1.075881326032276
       -1.075881326032276  -4.381541727469350E-001
  -4.381541727469350E-001       -1.075966760275553
       -1.075966760275553  -4.381823751643398E-001
  -4.381823751643398E-001       -1.076055149862475
       -1.076055149862475  -4.382101592077060E-001
  -4.382101592077060E-001       -1.076140287576474
       -1.076140287576474  -4.382390618323555E-001
  -4.382390618323555E-001       -1.076228377670398
       -1.076228377670398  -4.382675579952349E-001
  -4.382675579952349E-001       -1.076313210331668
       -1.076313210331668  -4.382971665429387E-001
  -4.382971665429387E-001       -1.076400974845168
       -1.076400974845168  -4.383263728121578E-001
  -4.383263728121578E-001       -1.076485499906088
       -1.076485499906088  -4.383566735122344E-001
  -4.383566735122344E-001       -1.076572953508798
       -1.076572953508798  -4.383865821320854E-001
  -4.383865821320854E-001       -1.076657175986060
       -1.076657175986060  -4.384175775953591E-001
  -4.384175775953591E-001       -1.076744323872588
       -1.076744323872588  -4.384481937718989E-001
  -4.384481937718989E-001       -1.076828245696909
       -1.076828245696909  -4.384798896131374E-001
  -4.384798896131374E-001       -1.076915084246181
       -1.076915084246181  -4.385112119219380E-001
  -4.385112119219380E-001       -1.076998690476718
       -1.076998690476718  -4.385436005711384E-001
  -4.385436005711384E-001       -1.077085223185128
       -1.077085223185128  -4.385756209385986E-001
  -4.385756209385986E-001       -1.077168501518338
       -1.077168501518338  -4.386086927897122E-001
  -4.386086927897122E-001       -1.077254754618667
       -1.077254754618667  -4.386414283180863E-001
  -4.386414283180863E-001       -1.077337748233125
       -1.077337748233125  -4.386752163433849E-001
  -4.386752163433849E-001       -1.077423682837230
       -1.077423682837230  -4.387086691051859E-001
  -4.387086691051859E-001       -1.077506364001550
       -1.077506364001550  -4.387431563085084E-001
  -4.387431563085084E-001       -1.077591974698324
       -1.077591974698324  -4.387773079607486E-001
  -4.387773079607486E-001       -1.077674345430165
       -1.077674345430165  -4.388124821669757E-001
  -4.388124821669757E-001       -1.077759645533817
       -1.077759645533817  -4.388473302953371E-001
  -4.388473302953371E-001       -1.077841713518755
       -1.077841713518755  -4.388831947751554E-001
  -4.388831947751554E-001       -1.077926712084046
       -1.077926712084046  -4.389187474582018E-001
  -4.389187474582018E-001       -1.078008475417859
       -1.078008475417859  -4.389553088341178E-001
  -4.389553088341178E-001       -1.078093168714316
       -1.078093168714316  -4.389915688953678E-001
  -4.389915688953678E-001       -1.078174622009426
       -1.078174622009426  -4.390288260865943E-001
  -4.390288260865943E-001       -1.078259006254031
       -1.078259006254031  -4.390657900392589E-001
  -4.390657900392589E-001       -1.078340148110546
       -1.078340148110546  -4.391037393601029E-001
  -4.391037393601029E-001       -1.078424224289472
       -1.078424224289472  -4.391414047265366E-001
  -4.391414047265366E-001       -1.078505056583246
       -1.078505056583246  -4.391800454542166E-001
  -4.391800454542166E-001       -1.078588826448687
       -1.078588826448687  -4.392184127245618E-001
  -4.392184127245618E-001       -1.078669349899228
       -1.078669349899228  -4.392577458046742E-001
  -4.392577458046742E-001       -1.078752813178228
       -1.078752813178228  -4.392968155228788E-001
  -4.392968155228788E-001       -1.078833026871972
       -1.078833026871972  -4.393368408443754E-001
  -4.393368408443754E-001       -1.078916182644810
       -1.078916182644810  -4.393766122433255E-001
  -4.393766122433255E-001       -1.078996086009859
       -1.078996086009859  -4.394173288218359E-001
  -4.394173288218359E-001       -1.079078934031282
       -1.079078934031282  -4.394578009010319E-001
  -4.394578009010319E-001       -1.079158527311387
       -1.079158527311387  -4.394992080593984E-001
  -4.394992080593984E-001       -1.079241067689128
       -1.079241067689128  -4.395403803346700E-001
  -4.395403803346700E-001       -1.079320351178182
       -1.079320351178182  -4.395824778383218E-001
  -4.395824778383218E-001       -1.079402583704192
       -1.079402583704192  -4.396243500088406E-001
  -4.396243500088406E-001       -1.079481557441180
       -1.079481557441180  -4.396671375730319E-001
  -4.396671375730319E-001       -1.079563481629753
       -1.079563481629753  -4.397097091332899E-001
  -4.397097091332899E-001       -1.079642145666549
       -1.079642145666549  -4.397531862783843E-001
  -4.397531862783843E-001       -1.079723761057335
       -1.079723761057335  -4.397964565931786E-001
  -4.397964565931786E-001       -1.079802115634743
       -1.079802115634743  -4.398406228253335E-001
  -4.398406228253335E-001       -1.079883421837218
       -1.079883421837218  -4.398845913040887E-001
  -4.398845913040887E-001       -1.079961467256630
       -1.079961467256630  -4.399294461984268E-001
  -4.399294461984268E-001       -1.080042463792374
       -1.080042463792374  -4.399741122298685E-001
  -4.399741122298685E-001       -1.080120200041209
       -1.080120200041209  -4.400196555173675E-001
  -4.400196555173675E-001       -1.080200886166624
       -1.080200886166624  -4.400650181938555E-001
  -4.400650181938555E-001       -1.080278313455878
       -1.080278313455878  -4.401112492537498E-001
  -4.401112492537498E-001       -1.080358688956429
       -1.080358688956429  -4.401573079601772E-001
  -4.401573079601772E-001       -1.080435807724444
       -1.080435807724444  -4.402042263832355E-001
